  0.19531    66
  0.39063    70
  0.58594    81
  0.78125    85
  0.97656    91
  1.17188    95
  1.36719    99
  1.56250   102
  1.75781   105
  1.95313   107
  2.14844   110
  2.34375   112
  2.53906   115
  2.73438   117
  2.92969   119
  3.12500   121
  3.32031   123
  3.51563   125
  3.71094   127
  3.90625   129
  4.10156   131
  4.29688   132
  4.49219   134
  4.68750   136
  4.88281   138
  5.07813   140
  5.27344   142
  5.46875   143
  5.66406   145
  5.85938   147
  6.05469   149
  6.25000   151
  6.44531   153
  6.64063   154
  6.83594   156
  7.03125   158
  7.22656   160
  7.42188   162
  7.61719   164
  7.81250   166
  8.00781   168
  8.20313   170
  8.39844   173
  8.59375   175
  8.78906   177
  8.98438   180
  9.17969   182
  9.37500   185
  9.57031   188
  9.76563   190
  9.96094   193
 10.15625   196
 10.35156   200
 10.54688   203
 10.74219   206
 10.93750   209
 11.13281   213
 11.32813   216
 11.52344   219
 11.71875   223
 11.91406   226
 12.10938   226
 12.30469   226
 12.50000   226
 12.69531   226
 12.89063   226
 13.08594   226
 13.28125   226
 13.47656   226
 13.67188   226
 13.86719   226
 14.06250   226
 14.25781   226
 14.45313   226
 14.64844   226
 14.84375   226
 15.03906   226
 15.23438   226
 15.42969   226
 15.62500   226
 15.82031   228
 16.01563   230
 16.21094   232
 16.40625   234
 16.60156   236
 16.79688   238
 16.99219   240
 17.18750   242
 17.38281   244
 17.57813   246
 17.77344   248
 17.96875   250
 18.16406   252
 18.35938   254
 18.55469   256
 18.75000   259
 18.94531   261
 19.14063   263
 19.33594   266
 19.53125   268
 19.72656   271
 19.92188   273
