  0.33333  1965
  0.66667  2328
  1.00000  2577
  1.33333  2764
  1.66667  2915
  2.00000  3047
  2.33333  3166
  2.66667  3277
  3.00000  3381
  3.33333  3479
  3.66667  3574
  4.00000  3666
  4.33333  3755
  4.66667  3845
  5.00000  3930
  5.33333  4016
  5.66667  4098
  6.00000  4181
  6.33333  4260
  6.66667  4339
  7.00000  4414
  7.33333  4488
  7.66667  4558
  8.00000  4626
  8.33333  4689
  8.66667  4751
  9.00000  4828
  9.33333  4956
  9.66667  5119
 10.00000  5290
 10.33333  5447
 10.66667  5616
 11.00000  5763
 11.33333  5913
 11.66666  6054
 12.00000  6186
 12.33333  6321
 12.66666  6455
 13.00000  6584
 13.33333  6711
 13.66666  6836
 14.00000  6960
 14.33333  7081
 14.66666  7203
 14.99999  7319
 15.33333  7438
 15.66666  7553
 15.99999  7666
 16.33333  7779
 16.66666  7899
 16.99999  8023
 17.33333  8173
 17.66666  8334
 18.00000  8495
 18.33333  8656
 18.66666  8811
 19.00000  8965
 19.33333  9116
 19.66667  9265
 20.00000  9416
 20.33333  9556
 20.66667  9708
 21.00000  9852
 21.33334 10001
 21.66667 10001
 22.00000 10001
 22.33334 10001
 22.66667 10001
 23.00001 10001
 23.33334 10001
 23.66667 10001
 24.00001 10001
 24.33334 10001
 24.66668 10001
 25.00001 10001
 25.33334 10001
 25.66668 10001
 26.00001 10001
 26.33335 10001
 26.66668 10001
 27.00001 10001
 27.33335 10001
 27.66668 10001
 28.00002 10001
 28.33335 10001
 28.66668 10001
 29.00002 10001
 29.33335 10001
 29.66669 10001
 30.00002 10001
 30.33335 10001
 30.66669 10001
 31.00002 10001
 31.33335 10001
 31.66669 10001
 32.00002 10001
 32.33335 10001
 32.66669 10001
 33.00002 10001
 33.33335 10001
 33.66668 10001
 34.00002 10001
 34.33335 10001
 34.66668 10001
 35.00001 10001
 35.33334 10001
 35.66668 10001
 36.00001 10001
 36.33334 10001
 36.66667 10001
 37.00000 10001
 37.33334 10001
 37.66667 10001
 38.00000 10001
 38.33333 10001
 38.66666 10001
 39.00000 10001
 39.33333 10001
 39.66666 10001
 39.99999 10001
