           1   2.09439516     -0.939692676      0.342020005       3.44789223E-05   0.00000000    
           2   4.18879032      0.766044617     -0.642787397       1.37199240E-04   0.00000000    
           3   6.28318548     -0.500000179      0.866025269       3.06030212E-04   0.00000000    
           4   8.37758064      0.173648790     -0.984807670       5.37481974E-04   0.00000000    
           5   10.4719763      0.173647165      0.984807909       8.26795469E-04   0.00000000    
           6   12.5663710     -0.499999583     -0.866025627       1.16806431E-03   0.00000000    
           7   14.6607656      0.766044497      0.642787516       1.55438471E-03   0.00000000    
           8   16.7551594     -0.939693511     -0.342017740       1.97802857E-03   0.00000000    
           9   18.8495541       1.00000000      -3.11531494E-06   2.43063620E-03   0.00000000    
          10   20.9439487     -0.939691365      0.342023581       2.90341559E-03   0.00000000    
          11   23.0383434      0.766041696     -0.642790854       3.38735664E-03   0.00000000    
          12   25.1327381     -0.499997497      0.866026819       3.87343648E-03   0.00000000    
          13   27.2271347      0.173644796     -0.984808326       4.35282430E-03   0.00000000    
          14   29.3215313      0.173648357      0.984807730       4.81706951E-03   0.00000000    
          15   31.4159279     -0.499997348     -0.866026938       5.25828218E-03   0.00000000    
          16   33.5103226      0.766042829      0.642789543       5.66927949E-03   0.00000000    
          17   35.6047211     -0.939690650     -0.342025578       6.04371959E-03   0.00000000    
          18   37.6991158       1.00000000       5.21346192E-06   6.37620129E-03   0.00000000    
          19   39.7935104     -0.939694226      0.342015773       6.66234083E-03   0.00000000    
          20   41.8879089      0.766049504     -0.642781556       6.89881202E-03   0.00000000    
          21   43.9823036     -0.500006378      0.866021752       7.08336337E-03   0.00000000    
          22   46.0767021      0.173662379     -0.984805226       7.21481163E-03   0.00000000    
          23   48.1710968      0.173638284      0.984809518       7.29299802E-03   0.00000000    
          24   50.2654915     -0.499991775     -0.866030157       7.31872907E-03   0.00000000    
          25   52.3598824      0.766038716      0.642794430       7.29370164E-03   0.00000000    
          26   54.4542770     -0.939689755     -0.342028022       7.22040469E-03   0.00000000    
          27   56.5486679       1.00000000       1.90798090E-07   7.10200891E-03   0.00000000    
          28   58.6430626     -0.939692497      0.342020482       6.94225635E-03   0.00000000    
          29   60.7374573      0.766043842     -0.642788291       6.74533611E-03   0.00000000    
          30   62.8318481     -0.499992102      0.866029978       6.51575904E-03   0.00000000    
          31   64.9262390      0.173638657     -0.984809458       6.25825068E-03   0.00000000    
          32   67.0206375      0.173658252      0.984806001       5.97762456E-03   0.00000000    
          33   69.1150284     -0.500009358     -0.866020024       5.67868352E-03   0.00000000    
          34   71.2094193      0.766056657      0.642773092       5.36612375E-03   0.00000000    
          35   73.3038177     -0.939696670     -0.342008948       5.04445331E-03   0.00000000    
          36   75.3982086       1.00000000      -2.00906543E-05   4.71791672E-03   0.00000000    
          37   77.4925995     -0.939682961      0.342046708       4.39043902E-03   0.00000000    
          38   79.5869904      0.766025901     -0.642809689       4.06558625E-03   0.00000000    
          39   81.6813889     -0.499974549      0.866040111       3.74652282E-03   0.00000000    
          40   83.7757797      0.173618674     -0.984812975       3.43601103E-03   0.00000000    
          41   85.8701706      0.173685744      0.984801114       3.13638803E-03   0.00000000    
          42   87.9645691     -0.500026882     -0.866009891       2.84957467E-03   0.00000000    
          43   90.0589600      0.766069651      0.642757535       2.57709110E-03   0.00000000    
          44   92.1533508     -0.939708829     -0.341975570       2.32007378E-03   0.00000000    
          45   94.2477493       1.00000000      -4.03721060E-05   2.07929825E-03   0.00000000    
          46   96.3421402     -0.939678609      0.342058599       1.85521890E-03   0.00000000    
          47   98.4365311      0.766007960     -0.642831087       1.64799113E-03   0.00000000    
          48   100.530930     -0.499963582      0.866046429       1.45751529E-03   0.00000000    
          49   102.625320      0.173591197     -0.984817803       1.28347264E-03   0.00000000    
          50   104.719719      0.173690692      0.984800279       1.12535665E-03   0.00000000    
          51   106.814117     -0.500037849     -0.866003513       9.82512138E-04   0.00000000    
          52   108.908516      0.766072929      0.642753661       8.54169193E-04   0.00000000    
          53   111.002914     -0.939702749     -0.341992348       7.39470066E-04   0.00000000    
          54   113.097313       1.00000000      -3.01359814E-05   6.37499674E-04   0.00000000    
          55   115.191711     -0.939682126      0.342048973       5.47310396E-04   0.00000000    
          56   117.286110      0.766034186     -0.642799854       4.67942067E-04   0.00000000    
          57   119.380508     -0.499985665      0.866033673       3.98442207E-04   0.00000000    
          58   121.474915      0.173646361     -0.984808087       3.37880745E-04   0.00000000    
          59   123.569313      0.173650548      0.984807312       2.85361544E-04   0.00000000    
          60   125.663712     -0.499989361     -0.866031528       2.40032285E-04   0.00000000    
          61   127.758110      0.766036928      0.642796576       2.01092000E-04   0.00000000    
          62   129.852509     -0.939688802     -0.342030644       1.67794686E-04   0.00000000    
          63   131.946915       1.00000000       2.58765103E-05   1.39452852E-04   0.00000000    
          64   134.041306     -0.939701259      0.341996342       1.15438510E-04   0.00000000    
          65   136.135712      0.766070187     -0.642756939       9.51815600E-05   0.00000000    
          66   138.230103     -0.500034153      0.866005659       7.81704148E-05   0.00000000    
          67   140.324509      0.173701510     -0.984798372       6.39475911E-05   0.00000000    
          68   142.418900      0.173610419      0.984814405       5.21080074E-05   0.00000000    
          69   144.513306     -0.499954075     -0.866051912       4.22950070E-05   0.00000000    
          70   146.607697      0.766010702      0.642827809       3.41965861E-05   0.00000000    
          71   148.702103     -0.939669669     -0.342083275       2.75417533E-05   0.00000000    
          72   150.796494       1.00000000       6.66302149E-05   2.20963266E-05   0.00000000    
          73   152.890900     -0.939720452      0.341943711       1.76592803E-05   0.00000000    
          74   154.985291      0.766086578     -0.642737448       1.40590400E-05   0.00000000    
          75   157.079697     -0.500069439      0.865985274       1.11498794E-05   0.00000000    
          76   159.174103      0.173741654     -0.984791279       8.80891730E-06   0.00000000    
          77   161.268494      0.173555255      0.984824121       6.93294487E-06   0.00000000    
          78   163.362900     -0.499905556     -0.866079926       5.43572742E-06   0.00000000    
          79   165.457291      0.765974700      0.642870724       4.24567861E-06   0.00000000    
          80   167.551697     -0.939650476     -0.342135906       3.30361172E-06   0.00000000    
          81   169.646088       1.00000000       1.07383916E-04   2.56087014E-06   0.00000000    
          82   171.740494     -0.939734340      0.341905415       1.97763302E-06   0.00000000    
          83   173.834885      0.766122580     -0.642694533       1.52148129E-06   0.00000000    
          84   175.929291     -0.500117958      0.865957260       1.16614751E-06   0.00000000    
          85   178.023682      0.173781782     -0.984784186       8.90450963E-07   0.00000000    
          86   180.118088      0.173500091      0.984833837       6.77386765E-07   0.00000000    
          87   182.212494     -0.499857038     -0.866107941       5.13379348E-07   0.00000000    
          88   184.306885      0.765948474      0.642901957       3.87630905E-07   0.00000000    
          89   186.401291     -0.939636528     -0.342174202       2.91593523E-07   0.00000000    
          90   188.495682       1.00000000       1.63396413E-04   2.18534083E-07   0.00000000    
          91   190.590088     -0.939753532      0.341852784       1.63172047E-07   0.00000000    
          92   192.684479      0.766148746     -0.642663300       1.21383422E-07   0.00000000    
          93   194.778885     -0.500153244      0.865936875       8.99626755E-08   0.00000000    
          94   196.873276      0.173836946     -0.984774470       6.64288748E-08   0.00000000    
          95   198.967682      0.173444927      0.984843552       4.88703122E-08   0.00000000    
          96   201.062073     -0.499834955     -0.866120696       3.58202854E-08   0.00000000    
          97   203.156464      0.765932083      0.642921448       2.61584479E-08   0.00000000    
          98   205.250854     -0.939627826     -0.342198163       1.90324272E-08   0.00000000    
          99   207.345245       1.00000000       1.73632536E-04   1.37967957E-08   0.00000000    
         100   209.439621     -0.939746559      0.341871828       9.96472238E-09   0.00000000    
         101   211.534012      0.766135693     -0.642678797       7.17063786E-09   0.00000000    
         102   213.628403     -0.500109255      0.865962327       5.14110976E-09   0.00000000    
         103   215.722794      0.173786923     -0.984783292       3.67253250E-09   0.00000000    
         104   217.817169      0.173555061      0.984824181       2.61386512E-09   0.00000000    
         105   219.911560     -0.499905378     -0.866080046       1.85358662E-09   0.00000000    
         106   222.005951      0.765984356      0.642859161       1.30965294E-09   0.00000000    
         107   224.100342     -0.939666092     -0.342093080       9.21965504E-10   0.00000000    
         108   226.194733       1.00000000       9.23159241E-05   6.46677822E-10   0.00000000    
         109   228.289108     -0.939708352      0.341976941       4.51939181E-10   0.00000000    
         110   230.383499      0.766083419     -0.642741144       3.14695492E-10   0.00000000    
         111   232.477890     -0.500038862      0.866002977       2.18334142E-10   0.00000000    
         112   234.572281      0.173676789     -0.984802723       1.50929408E-10   0.00000000    
         113   236.666656      0.173635140      0.984810054       1.03955906E-10   0.00000000    
         114   238.761047     -0.500002265     -0.866024137       7.13424597E-11   0.00000000    
         115   240.855438      0.766036630      0.642796874       4.87834599E-11   0.00000000    
         116   242.949829     -0.939693868     -0.342016667       3.32370867E-11   0.00000000    
         117   245.044205       1.00000000      -1.95182602E-05   2.25632239E-11   0.00000000    
         118   247.138596     -0.939680517      0.342053354       1.52618890E-11   0.00000000    
         119   249.232986      0.766011536     -0.642826796       1.02859561E-11   0.00000000    
         120   251.327377     -0.499968439      0.866043627       6.90736010E-12   0.00000000 
